51.75 1006.3 71.6
54.74 1006.3 71.6
50.59 1006.3 71.6
51.67 1006.3 71.6
65.67 1006.3 71.6
55.37 1006.3 71.6
49.26 1006.3 71.6
55.44 1006.3 71.6
64.05 1006.3 71.6
68.77 1006.3 71.6
48.93 1006.3 71.6
65.37 1006.3 71.6
69.45 1006.3 71.6
52.91 1006.3 71.6
53.69 1006.3 71.6
53.3 1006.3 71.6
66.17 1006.3 71.6
53.83 1006.3 71.6
50.54 1006.3 71.6
50.27 1006.3 71.6
59.08 1006.3 71.6
53.05 1006.3 71.6
57.97 1006.3 71.6
48.23 1006.3 71.6
47.16 1003.2 53.6
69.72 1003.2 53.6
62.71 1003.2 53.6
46.34 1003.2 53.6
53.15 1003.2 53.6
64.59 1003.2 53.6
58.26 1003.2 53.6
53.27 1003.2 53.6
43.68 1003.2 53.6
65.7 1003.2 53.6
66.27 1003.2 53.6
53.05 1003.2 53.6
68.45 1003.2 53.6
49.03 1003.2 53.6
66.59 1003.2 53.6
63.12 1003.2 53.6
49.13 1003.2 53.6
62.85 1003.2 53.6
64.67 1003.2 53.6
55.73 1003.2 53.6
56.42 1003.2 53.6
53.83 1003.2 53.6
45.14 1003.2 53.6
68.18 1003.2 53.6
48.41 1008.7 62.78
55.12 1008.7 62.78
46.48 1008.7 62.78
54.99 1008.7 62.78
50.62 1008.7 62.78
55.81 1008.7 62.78
59.28 1008.7 62.78
60.55 1008.7 62.78
52.62 1008.7 62.78
62.27 1008.7 62.78
49.9 1008.7 62.78
45.12 1008.7 62.78
62.85 1008.7 62.78
50.9 1008.7 62.78
49.73 1008.7 62.78
47.28 1008.7 62.78
46.67 1008.7 62.78
49.48 1008.7 62.78
59.53 1008.7 62.78
59.49 1008.7 62.78
52.25 1008.7 62.78
57.67 1008.7 62.78
54.04 1008.7 62.78
58.76 1008.7 62.78
48.6 1020.0 51.98
50.54 1020.0 51.98
38.55 1020.0 51.98
50.14 1020.0 51.98
34.86 1020.0 51.98
35.38 1020.0 51.98
41.52 1020.0 51.98
42.28 1020.0 51.98
45.11 1020.0 51.98
51.01 1020.0 51.98
43.6 1020.0 51.98
50.12 1020.0 51.98
55.07 1020.0 51.98
43.24 1020.0 51.98
49.84 1020.0 51.98
44.42 1020.0 51.98
58.77 1020.0 51.98
35.32 1020.0 51.98
34.83 1020.0 51.98
51.72 1020.0 51.98
52.39 1020.0 51.98
57.54 1020.0 51.98
50.37 1020.0 51.98
51.75 1020.0 51.98